57
NULL 0 NULL 0
Joined 0 0,255,0,255,0,0,0,0,0,0 NULL 0 0 0 	# Joined [4a 6f 69 6e 65 64 ]
|Broken|0|1 0 0,255,0,255,0,0,0,0,0,0 NULL 0 0 0 	# Broken
t 0 0,255,0,255,0,0,0,0,0,0 NULL 0 0 0 	# t [74 ]
h 0 0,255,0,255,0,0,0,0,0,0 NULL 0 0 0 	# h [68 ]
e 0 0,255,0,255,0,0,0,0,0,0 NULL 0 0 0 	# e [65 ]
q 0 0,255,0,255,0,0,0,0,0,0 NULL 0 0 0 	# q [71 ]
u 0 0,255,0,255,0,0,0,0,0,0 NULL 0 0 0 	# u [75 ]
i 0 0,255,0,255,0,0,0,0,0,0 NULL 0 0 0 	# i [69 ]
c 0 0,255,0,255,0,0,0,0,0,0 NULL 0 0 0 	# c [63 ]
k 0 0,255,0,255,0,0,0,0,0,0 NULL 0 0 0 	# k [6b ]
b 0 0,255,0,255,0,0,0,0,0,0 NULL 0 0 0 	# b [62 ]
r 0 0,255,0,255,0,0,0,0,0,0 NULL 0 0 0 	# r [72 ]
o 0 0,255,0,255,0,0,0,0,0,0 NULL 0 0 0 	# o [6f ]
w 0 0,255,0,255,0,0,0,0,0,0 NULL 0 0 0 	# w [77 ]
n 0 0,255,0,255,0,0,0,0,0,0 NULL 0 0 0 	# n [6e ]
f 0 0,255,0,255,0,0,0,0,0,0 NULL 0 0 0 	# f [66 ]
x 0 0,255,0,255,0,0,0,0,0,0 NULL 0 0 0 	# x [78 ]
j 0 0,255,0,255,0,0,0,0,0,0 NULL 0 0 0 	# j [6a ]
m 0 0,255,0,255,0,0,0,0,0,0 NULL 0 0 0 	# m [6d ]
p 0 0,255,0,255,0,0,0,0,0,0 NULL 0 0 0 	# p [70 ]
s 0 0,255,0,255,0,0,0,0,0,0 NULL 0 0 0 	# s [73 ]
v 0 0,255,0,255,0,0,0,0,0,0 NULL 0 0 0 	# v [76 ]
l 0 0,255,0,255,0,0,0,0,0,0 NULL 0 0 0 	# l [6c ]
a 0 0,255,0,255,0,0,0,0,0,0 NULL 0 0 0 	# a [61 ]
z 0 0,255,0,255,0,0,0,0,0,0 NULL 0 0 0 	# z [7a ]
y 0 0,255,0,255,0,0,0,0,0,0 NULL 0 0 0 	# y [79 ]
d 0 0,255,0,255,0,0,0,0,0,0 NULL 0 0 0 	# d [64 ]
g 0 0,255,0,255,0,0,0,0,0,0 NULL 0 0 0 	# g [67 ]
T 0 0,255,0,255,0,0,0,0,0,0 NULL 0 0 0 	# T [54 ]
H 0 0,255,0,255,0,0,0,0,0,0 NULL 0 0 0 	# H [48 ]
E 0 0,255,0,255,0,0,0,0,0,0 NULL 0 0 0 	# E [45 ]
Q 0 0,255,0,255,0,0,0,0,0,0 NULL 0 0 0 	# Q [51 ]
U 0 0,255,0,255,0,0,0,0,0,0 NULL 0 0 0 	# U [55 ]
I 0 0,255,0,255,0,0,0,0,0,0 NULL 0 0 0 	# I [49 ]
C 0 0,255,0,255,0,0,0,0,0,0 NULL 0 0 0 	# C [43 ]
K 0 0,255,0,255,0,0,0,0,0,0 NULL 0 0 0 	# K [4b ]
B 0 0,255,0,255,0,0,0,0,0,0 NULL 0 0 0 	# B [42 ]
R 0 0,255,0,255,0,0,0,0,0,0 NULL 0 0 0 	# R [52 ]
O 0 0,255,0,255,0,0,0,0,0,0 NULL 0 0 0 	# O [4f ]
W 0 0,255,0,255,0,0,0,0,0,0 NULL 0 0 0 	# W [57 ]
N 0 0,255,0,255,0,0,0,0,0,0 NULL 0 0 0 	# N [4e ]
F 0 0,255,0,255,0,0,0,0,0,0 NULL 0 0 0 	# F [46 ]
X 0 0,255,0,255,0,0,0,0,0,0 NULL 0 0 0 	# X [58 ]
J 0 0,255,0,255,0,0,0,0,0,0 NULL 0 0 0 	# J [4a ]
M 0 0,255,0,255,0,0,0,0,0,0 NULL 0 0 0 	# M [4d ]
P 0 0,255,0,255,0,0,0,0,0,0 NULL 0 0 0 	# P [50 ]
S 0 0,255,0,255,0,0,0,0,0,0 NULL 0 0 0 	# S [53 ]
V 0 0,255,0,255,0,0,0,0,0,0 NULL 0 0 0 	# V [56 ]
L 0 0,255,0,255,0,0,0,0,0,0 NULL 0 0 0 	# L [4c ]
A 0 0,255,0,255,0,0,0,0,0,0 NULL 0 0 0 	# A [41 ]
Z 0 0,255,0,255,0,0,0,0,0,0 NULL 0 0 0 	# Z [5a ]
Y 0 0,255,0,255,0,0,0,0,0,0 NULL 0 0 0 	# Y [59 ]
D 0 0,255,0,255,0,0,0,0,0,0 NULL 0 0 0 	# D [44 ]
G 0 0,255,0,255,0,0,0,0,0,0 NULL 0 0 0 	# G [47 ]
, 0 0,255,0,255,0,0,0,0,0,0 NULL 0 0 0 	# , [2c ]
. 0 0,255,0,255,0,0,0,0,0,0 NULL 0 0 0 	# . [2e ]
